{"rm_object_type":"com.rapidminer.operator.visualization.dependencies.NumericalMatrix","rm_object_version":"12.1.1","matrix":[[1.0,-0.6383530751908819,0.0501757121592437,-0.20458785324402504,0.018489072131473307,-0.002611150188804108,-0.001600111044122528,-0.00461608486310182,-0.0014193240778604583,-0.012861523578343765,0.015979199890824185,0.017088352654528894,-0.0020258326348747673,0.010521141960822553,-0.002043966913379617,0.007800063747544335,0.011353169499876402,-0.011210367391268673,-0.15311092036825097,-0.11413703738251788,-0.14828520436501894,-0.22394543202059689,0.29648387317800595,0.4969407491162654,-0.07668448605103383,-0.07903181710826758,0.6223235142343765,-0.10231152673150182,-0.05814558300139932,-0.20954741707289543,-0.16399041373420092,-0.16081338582684745,-0.07359810734422359,0.3485124761824635],[-0.6383530751908819,1.0,0.0022034894353763416,0.12793662770248154,-0.010245167942930625,0.0011782410409212096,0.003718665606835357,0.009744590734069272,-9.185954655919842E-4,0.013119750380116183,-0.01866700533146027,-0.03346006906929031,0.00471858191179173,-0.008532842111992591,-0.008460203712749626,-0.004578476953726616,-0.016165614979436884,0.02357652223637568,-0.3563570266043702,0.17879922854352945,0.23229339706819419,0.3508175032346009,-0.18926139218768082,-0.3172236553860208,0.12012863888546806,0.12380580619061775,-0.39726212907511643,0.16027419731769177,-0.13533056308929928,0.3282625638017557,-0.38167843344802194,0.25191918403269425,0.11529373038927906,-0.22247401091346664],[0.0501757121592437,0.0022034894353763416,1.0,-0.7390590808421422,-0.007623662949856227,0.001404678324408385,0.0023390060050168674,0.2176242812109905,-0.03339932337206996,-0.016895800421789894,-0.15086600537017644,0.0029855833040894723,0.009290274176417293,0.009972412069305516,0.015409109245832891,-0.0037486036806589286,-0.040326778419407655,0.020814062550625147,-0.11002826014317854,0.007951042123460723,-0.11166815607744808,0.4300384688173571,0.043533992655941704,0.01874697484994202,-0.052237601113947305,-0.05277337791666501,-0.023754270185538794,-0.08512704971732156,0.07626942161352947,-0.15718932269555547,-0.003358035066476159,-0.1202695813600887,-0.05448090995330284,0.09313095612742578],[-0.20458785324402504,0.12793662770248154,-0.7390590808421422,1.0,0.004569614944362522,-0.0020820517307637695,0.01030549035035772,-0.17907731190059548,-0.013702303603047365,0.028632349828332994,0.15247440189260708,-0.006531165172864874,-0.011975449576315392,-0.00199793466020369,-0.004674736162672472,0.0037167822853714293,0.03348472220182322,-0.02220480489254332,0.057643888895115326,0.028402667105649818,0.13675184458899692,-0.22187667405959896,-0.11445906717610292,-0.13186172574815827,0.07072010295122759,0.050808210254280756,0.008656202726247912,0.09435391793241889,-0.05437773863142702,0.19324919122098314,0.029741931991393435,-0.004711921903244933,0.003410671201571466,-0.21025853169460634],[0.018489072131473307,-0.010245167942930625,-0.007623662949856227,0.004569614944362522,1.0,-0.02704124147984024,0.024348571442181582,-0.01832209664806959,0.005763753216178495,-0.034012023882578596,0.03839442881030724,-0.00820919928534037,-0.00323940201602695,0.03530314418164356,-9.670077337242936E-4,0.01040901690096949,8.619561298444955E-4,-0.0026728422433275503,0.008931615899273014,0.004757746939001638,-0.020355554945877496,-0.009117738218853018,-0.0024736475524524894,0.011019480693148353,-4.2057473155013124E-4,-0.001838559681348511,0.009448238405777182,-0.0030982528206392698,0.0013661946259543106,-0.001604376203864458,-0.016824975562318486,0.01614694965847987,-0.003227600198841266,0.014177459476461027],[-0.002611150188804108,0.0011782410409212096,0.001404678324408385,-0.0020820517307637695,-0.02704124147984024,1.0,-0.009032242754126639,0.004149366443933751,0.010154410521317669,-0.018250536439755678,3.548799952528744E-4,0.0071353767463952465,-0.03012698038359699,-0.007785987822561026,0.03116444735919283,0.02116230620490955,0.004927864479139427,-0.028446089793675147,0.013919382094698085,0.012775529609594164,9.675536771147983E-5,0.005286741374184306,0.004421265277235458,-0.006396359970762261,-0.017829936840937748,-0.010940898377572044,1.7054243493052417E-4,-0.0072613270153307884,-0.008726496249442947,0.0014986220612471417,-0.006498613740266165,1.5267476348468996E-4,0.00696684064308707,-0.0013284940579246852],[-0.001600111044122528,0.003718665606835357,0.0023390060050168674,0.01030549035035772,0.024348571442181582,-0.009032242754126639,1.0,-0.006729223825791633,-0.018860301017289118,0.00641367803267436,0.018007436921168095,0.04604769399184154,-0.010285661980825667,0.015138531975423747,-0.012521995408356365,-0.020095747045269865,0.0013574009247164604,0.018153722182070467,0.007732783722714086,-0.006204279754983056,-7.627120898114559E-4,0.01825071460110672,-0.005613262876476746,0.006618369486145995,-0.011550267220210516,0.031068076865841083,-0.009568256547292655,0.00881233084735027,0.0030829342116252653,-0.00604008037581878,-0.00913665885601793,-0.0069798725543982355,-0.027779103209576436,0.007921789930780174],[-0.00461608486310182,0.009744590734069272,0.2176242812109905,-0.17907731190059548,-0.01832209664806959,0.004149366443933751,-0.006729223825791633,1.0,-0.34731072291249787,-0.24084947720713237,-0.3779847585574825,-0.007520023593854283,0.0027417942967197214,-0.011076950089156734,-0.04733075519761942,-6.924176835085052E-4,0.007003709193447276,0.02540058782444825,3.63779310723328E-4,0.02009482715613439,-0.0037603096124779927,0.0026726537341951757,-0.0020479418704157557,0.010145333186759893,0.003788511339377963,0.010095927793275792,-0.010475514059440406,-0.0067110566647662195,-0.013468148448590407,-0.004206398359512089,-0.005558173605866642,0.012233268471546814,-0.01549088929510444,-0.005509655707250051],[-0.0014193240778604583,-9.185954655919842E-4,-0.03339932337206996,-0.013702303603047365,0.005763753216178495,0.010154410521317669,-0.018860301017289118,-0.34731072291249787,1.0,-0.2766453754263134,-0.43416218564854575,0.010295774086373565,-0.0026981318516978714,0.00865151452695846,0.033729564897823465,-0.007885513913298517,-0.020912706313887988,-0.010184208437771005,-0.010136239467578245,-0.012963361454094172,-0.0053964653579691175,0.00985589859181127,0.012046845400612611,-0.004201124736406265,0.007856383054569269,-0.0013094116661789674,0.0025119164702196543,-0.006003291276030313,0.0048184133019199315,-0.0032390902088737183,0.010286971318098265,0.0037717190528411453,0.0025665264388925646,-0.01203548133624978],[-0.012861523578343765,0.013119750380116183,-0.016895800421789894,0.028632349828332994,-0.034012023882578596,-0.018250536439755678,0.00641367803267436,-0.24084947720713237,-0.2766453754263134,1.0,-0.30107833861180083,0.007768972197241402,-0.004798939752490463,0.01275184310580703,-0.006753067619584368,-0.005458075646278098,0.010335426742722843,-0.0013195372382328605,0.0031690896646607864,0.015262284406059833,0.021648167002473056,-0.005731615195241521,-0.024301297097893346,-0.0168923147776061,0.019515460514328016,-0.014768413586879954,0.008269895827043757,0.01169524665130584,0.0031612286713623814,-0.0023314161890514427,-0.0032565902446373206,-0.010792386216602315,0.004851852551233805,4.4979047484759266E-4],[0.015979199890824185,-0.01866700533146027,-0.15086600537017644,0.15247440189260708,0.03839442881030724,3.548799952528744E-4,0.018007436921168095,-0.3779847585574825,-0.43416218564854575,-0.30107833861180083,1.0,-0.009113655240012265,0.0047355239315509095,-0.007254892686641022,0.015524862337486787,0.011855495354161614,0.0059654019485253,-0.012024175077799983,0.006565705765047227,-0.019661270851044823,-0.008877336275836515,-0.006693909288816491,0.00960190288557727,0.008638124011082384,-0.026133838709641706,0.004023838791324764,0.0011015465492007854,0.003008833432346879,0.005225546318683866,0.008748200666969061,-0.0018139158452747548,-0.006567500933936548,0.007953380352733318,0.015180556646641526],[0.017088352654528894,-0.03346006906929031,0.0029855833040894723,-0.006531165172864874,-0.00820919928534037,0.0071353767463952465,0.04604769399184154,-0.007520023593854283,0.010295774086373565,0.007768972197241402,-0.009113655240012265,1.0,0.004404301831756253,0.006217787995768945,-0.0026556401273274593,0.021001623002146464,-0.0015705394764643928,-0.004372785112606103,-0.015986234459918237,0.0015328627018738107,-0.017919390186894615,-0.003303089544891311,0.008733025621074137,0.028438121670145807,1.6985286716212147E-4,-0.004384212969815133,-0.02567619143091922,-0.024854661312830997,0.06038908028089448,-0.02643872243436511,0.01012708732720619,0.006556275479478423,0.012651594513494804,0.03584894065741043],[-0.0020258326348747673,0.00471858191179173,0.009290274176417293,-0.011975449576315392,-0.00323940201602695,-0.03012698038359699,-0.010285661980825667,0.0027417942967197214,-0.0026981318516978714,-0.004798939752490463,0.0047355239315509095,0.004404301831756253,1.0,-0.6827686165518917,-0.017257513429107176,0.025569212887687286,0.014174600379309985,-0.010005100662486928,0.009961129180201096,0.002586769340668309,0.016804036417543675,-0.003727706274650358,0.011842480504437465,0.005386482047358368,-0.004455200518046431,0.005493956270552969,-0.006655193792917877,6.868577373517331E-5,-0.006278940178811241,-0.014774121266434178,-0.013094794642003891,0.011627276268892607,0.002659112082317005,-0.011211019670744154],[0.010521141960822553,-0.008532842111992591,0.009972412069305516,-0.00199793466020369,0.03530314418164356,-0.007785987822561026,0.015138531975423747,-0.011076950089156734,0.00865151452695846,0.01275184310580703,-0.007254892686641022,0.006217787995768945,-0.6827686165518917,1.0,0.01526305251167632,-0.04715464829256429,0.0032986087149716125,0.006563421214138559,-0.004980781790864655,0.016467308047465067,-0.022898504522274214,0.0020110324089068266,-0.0024728789608507657,0.0062787846729247575,0.014284821944488359,-0.01581323305132133,0.0011350378977557215,-0.0073330505928909,-6.520739380307973E-4,-0.006270983800184543,0.006756380430972066,0.0014841022174602026,0.00781380371004592,0.016045309292427343],[-0.002043966913379617,-0.008460203712749626,0.015409109245832891,-0.004674736162672472,-9.670077337242936E-4,0.03116444735919283,-0.012521995408356365,-0.04733075519761942,0.033729564897823465,-0.006753067619584368,0.015524862337486787,-0.0026556401273274593,-0.017257513429107176,0.01526305251167632,1.0,-0.09858818487992325,-0.20157394449570812,-0.4973936523312021,0.009616824254194285,0.0021508898980094494,-0.014144375146679346,0.0022807899959440205,0.02390342804493927,-0.008892725544961708,-0.010677073539712988,-6.654241959897456E-4,-0.0033802365963440132,0.005693898315971459,0.007526619136123612,0.010052130114606199,0.0028732594983605507,-0.011093317017503799,-0.010955547543333255,-0.007364078247858845],[0.007800063747544335,-0.004578476953726616,-0.0037486036806589286,0.0037167822853714293,0.01040901690096949,0.02116230620490955,-0.020095747045269865,-6.924176835085052E-4,-0.007885513913298517,-0.005458075646278098,0.011855495354161614,0.021001623002146464,0.025569212887687286,-0.04715464829256429,-0.09858818487992325,1.0,-0.11495270969666187,-0.2836514821617183,0.003561724781304857,4.6473419618781335E-4,-0.004073561534534332,-0.012796722188951639,-0.01637372006040062,0.01670777906864016,-0.005890406654145184,0.006231660582180095,-0.001883521557067543,0.0030915802116492854,0.016065833030643097,0.005476768156006348,-0.014468229425662693,0.0026699496280343034,4.147150643266803E-4,0.012289518180721826],[0.011353169499876402,-0.016165614979436884,-0.040326778419407655,0.03348472220182322,8.619561298444955E-4,0.004927864479139427,0.0013574009247164604,0.007003709193447276,-0.020912706313887988,0.010335426742722843,0.0059654019485253,-0.0015705394764643928,0.014174600379309985,0.0032986087149716125,-0.20157394449570812,-0.11495270969666187,1.0,-0.579955378943557,0.014021331908890905,-0.019040473376762432,-0.002023269300591707,-0.029972568498698157,0.006562860868250918,0.018063457953937996,0.007325998258613976,-0.01309200328087572,-0.0015768567757621023,-0.01464252122686818,-0.02419496268316713,0.015878127906707472,0.00566178280128514,0.010110696085482774,0.019763339963560965,-0.0015133039467929428],[-0.011210367391268673,0.02357652223637568,0.020814062550625147,-0.02220480489254332,-0.0026728422433275503,-0.028446089793675147,0.018153722182070467,0.02540058782444825,-0.010184208437771005,-0.0013195372382328605,-0.012024175077799983,-0.004372785112606103,-0.010005100662486928,0.006563421214138559,-0.4973936523312021,-0.2836514821617183,-0.579955378943557,1.0,-0.02511183258903126,0.015670881316017106,0.00922332244935053,0.02628410722945011,-0.014763109143347183,-0.015466359881466257,7.445050979857451E-4,0.011145101184480548,0.00527222084455862,0.006757095416494387,0.0025590176747631783,-0.019476309161861424,0.002258750008685037,0.00472585972273777,-0.00907376342827208,-8.632356985197693E-4],[-0.15311092036825097,-0.3563570266043702,-0.11002826014317854,0.057643888895115326,0.008931615899273014,0.013919382094698085,0.007732783722714086,3.63779310723328E-4,-0.010136239467578245,0.0031690896646607864,0.006565705765047227,-0.015986234459918237,0.009961129180201096,-0.004980781790864655,0.009616824254194285,0.003561724781304857,0.014021331908890905,-0.02511183258903126,1.0,-0.0637163614429284,-0.08277938427905007,-0.1250162823334529,-0.04539491869662722,-0.07608705546567927,-0.042808684563255525,-0.044119068970445194,-0.09528452603122908,-0.05711483639753722,-0.032459445836240115,-0.11697867118192173,-0.0915467293902588,-0.08977317136648875,-0.04108573094764934,-0.05336106598811568],[-0.11413703738251788,0.17879922854352945,0.007951042123460723,0.028402667105649818,0.004757746939001638,0.012775529609594164,-0.006204279754983056,0.02009482715613439,-0.012963361454094172,0.015262284406059833,-0.019661270851044823,0.0015328627018738107,0.002586769340668309,0.016467308047465067,0.0021508898980094494,4.6473419618781335E-4,-0.019040473376762432,0.015670881316017106,-0.0637163614429284,1.0,-0.06170816330563332,-0.09319379738426306,-0.03383979091623126,-0.056719344858780094,-0.031911874205583814,-0.03288870455647687,-0.0710301622081885,-0.0425764419763357,-0.02419700027872788,-0.08720213380950252,-0.0682438094522094,-0.06692170481086795,-0.0306274927861528,-0.03977818152231265],[-0.14828520436501894,0.23229339706819419,-0.11166815607744808,0.13675184458899692,-0.020355554945877496,9.675536771147983E-5,-7.627120898114559E-4,-0.0037603096124779927,-0.0053964653579691175,0.021648167002473056,-0.008877336275836515,-0.017919390186894615,0.016804036417543675,-0.022898504522274214,-0.014144375146679346,-0.004073561534534332,-0.002023269300591707,0.00922332244935053,-0.08277938427905007,-0.06170816330563332,1.0,-0.1210760468958353,-0.04396417172513346,-0.07368896054000981,-0.041459449945128464,-0.042728533947428746,-0.09228136948940086,-0.055314703661331184,-0.03143639622716505,-0.11329176338853071,-0.08866137989331196,-0.08694372047766837,-0.039790799999146295,-0.051679243754475586],[-0.22394543202059689,0.3508175032346009,0.4300384688173571,-0.22187667405959896,-0.009117738218853018,0.005286741374184306,0.01825071460110672,0.0026726537341951757,0.00985589859181127,-0.005731615195241521,-0.006693909288816491,-0.003303089544891311,-0.003727706274650358,0.0020110324089068266,0.0022807899959440205,-0.012796722188951639,-0.029972568498698157,0.02628410722945011,-0.1250162823334529,-0.09319379738426306,-0.1210760468958353,1.0,-0.06639620906598656,-0.11128761074947859,-0.06261349181165085,-0.06453010626002174,-0.1393665082517911,-0.08353817403140723,-0.04747633025431994,-0.171097130054633,-0.1338994750607332,-0.13130540654562076,-0.06009343908862685,-0.07804777704325003],[0.29648387317800595,-0.18926139218768082,0.043533992655941704,-0.11445906717610292,-0.0024736475524524894,0.004421265277235458,-0.005613262876476746,-0.0020479418704157557,0.012046845400612611,-0.024301297097893346,0.00960190288557727,0.008733025621074137,0.011842480504437465,-0.0024728789608507657,0.02390342804493927,-0.01637372006040062,0.006562860868250918,-0.014763109143347183,-0.04539491869662722,-0.03383979091623126,-0.04396417172513346,-0.06639620906598656,1.0,-0.04040987259915312,-0.022735713437074895,-0.023431659240554726,-0.050605658663313194,-0.03033371771610983,-0.017239227656447385,-0.06212742982821823,-0.04862051302797826,-0.04767857548881237,-0.02182065192398619,-0.028340088404490628],[0.4969407491162654,-0.3172236553860208,0.01874697484994202,-0.13186172574815827,0.011019480693148353,-0.006396359970762261,0.006618369486145995,0.010145333186759893,-0.004201124736406265,-0.0168923147776061,0.008638124011082384,0.028438121670145807,0.005386482047358368,0.0062787846729247575,-0.008892725544961708,0.01670777906864016,0.018063457953937996,-0.015466359881466257,-0.07608705546567927,-0.056719344858780094,-0.07368896054000981,-0.11128761074947859,-0.04040987259915312,1.0,-0.03810764594379555,-0.03927413039780101,-0.08482084929648107,-0.05084276673717996,-0.028894909574516757,-0.10413265041558185,-0.0814935190489565,-0.07991472442071429,-0.03657389859717672,-0.047501216881678486],[-0.07668448605103383,0.12012863888546806,-0.052237601113947305,0.07072010295122759,-4.2057473155013124E-4,-0.017829936840937748,-0.011550267220210516,0.003788511339377963,0.007856383054569269,0.019515460514328016,-0.026133838709641706,1.6985286716212147E-4,-0.004455200518046431,0.014284821944488359,-0.010677073539712988,-0.005890406654145184,0.007325998258613976,7.445050979857451E-4,-0.042808684563255525,-0.031911874205583814,-0.041459449945128464,-0.06261349181165085,-0.022735713437074895,-0.03810764594379555,1.0,-0.02209671342130041,-0.04772255884653538,-0.028605548608158393,-0.0162570763435215,-0.058587912978012004,-0.045850510702049076,-0.04496223712099213,-0.02057748822993065,-0.026725500118425016],[-0.07903181710826758,0.12380580619061775,-0.05277337791666501,0.050808210254280756,-0.001838559681348511,-0.010940898377572044,0.031068076865841083,0.010095927793275792,-0.0013094116661789674,-0.014768413586879954,0.004023838791324764,-0.004384212969815133,0.005493956270552969,-0.01581323305132133,-6.654241959897456E-4,0.006231660582180095,-0.01309200328087572,0.011145101184480548,-0.044119068970445194,-0.03288870455647687,-0.042728533947428746,-0.06453010626002174,-0.023431659240554726,-0.03927413039780101,-0.02209671342130041,1.0,-0.049183358159144874,-0.029481171515932752,-0.01675470946550054,-0.060381303464066435,-0.047254006158606025,-0.04633854230384932,-0.021207370226789844,-0.02754357427760137],[0.6223235142343765,-0.39726212907511643,-0.023754270185538794,0.008656202726247912,0.009448238405777182,1.7054243493052417E-4,-0.009568256547292655,-0.010475514059440406,0.0025119164702196543,0.008269895827043757,0.0011015465492007854,-0.02567619143091922,-0.006655193792917877,0.0011350378977557215,-0.0033802365963440132,-0.001883521557067543,-0.0015768567757621023,0.00527222084455862,-0.09528452603122908,-0.0710301622081885,-0.09228136948940086,-0.1393665082517911,-0.050605658663313194,-0.08482084929648107,-0.04772255884653538,-0.049183358159144874,1.0,-0.06367086886223249,-0.03618536355063618,-0.1304062849915401,-0.10205509057581823,-0.1000779514036909,-0.04580183280345619,-0.05948621495175434],[-0.10231152673150182,0.16027419731769177,-0.08512704971732156,0.09435391793241889,-0.0030982528206392698,-0.0072613270153307884,0.00881233084735027,-0.0067110566647662195,-0.006003291276030313,0.01169524665130584,0.003008833432346879,-0.024854661312830997,6.868577373517331E-5,-0.0073330505928909,0.005693898315971459,0.0030915802116492854,-0.01464252122686818,0.006757095416494387,-0.05711483639753722,-0.0425764419763357,-0.055314703661331184,-0.08353817403140723,-0.03033371771610983,-0.05084276673717996,-0.028605548608158393,-0.029481171515932752,-0.06367086886223249,1.0,-0.02168999737168896,-0.07816729476159731,-0.061173204554359935,-0.05998808053627827,-0.02745423938425573,-0.03565684352320376],[-0.05814558300139932,-0.13533056308929928,0.07626942161352947,-0.05437773863142702,0.0013661946259543106,-0.008726496249442947,0.0030829342116252653,-0.013468148448590407,0.0048184133019199315,0.0031612286713623814,0.005225546318683866,0.06038908028089448,-0.006278940178811241,-6.520739380307973E-4,0.007526619136123612,0.016065833030643097,-0.02419496268316713,0.0025590176747631783,-0.032459445836240115,-0.02419700027872788,-0.03143639622716505,-0.04747633025431994,-0.017239227656447385,-0.028894909574516757,-0.0162570763435215,-0.01675470946550054,-0.03618536355063618,-0.02168999737168896,1.0,-0.0444239576004282,-0.034765893506911776,-0.03409236502814048,-0.015602765454246936,-0.020264461110890773],[-0.20954741707289543,0.3282625638017557,-0.15718932269555547,0.19324919122098314,-0.001604376203864458,0.0014986220612471417,-0.00604008037581878,-0.004206398359512089,-0.0032390902088737183,-0.0023314161890514427,0.008748200666969061,-0.02643872243436511,-0.014774121266434178,-0.006270983800184543,0.010052130114606199,0.005476768156006348,0.015878127906707472,-0.019476309161861424,-0.11697867118192173,-0.08720213380950252,-0.11329176338853071,-0.171097130054633,-0.06212742982821823,-0.10413265041558185,-0.058587912978012004,-0.060381303464066435,-0.1304062849915401,-0.07816729476159731,-0.0444239576004282,1.0,-0.12529074111148997,-0.12286345178414063,-0.056229880781363976,-0.07302988920171306],[-0.16399041373420092,-0.38167843344802194,-0.003358035066476159,0.029741931991393435,-0.016824975562318486,-0.006498613740266165,-0.00913665885601793,-0.005558173605866642,0.010286971318098265,-0.0032565902446373206,-0.0018139158452747548,0.01012708732720619,-0.013094794642003891,0.006756380430972066,0.0028732594983605507,-0.014468229425662693,0.00566178280128514,0.002258750008685037,-0.0915467293902588,-0.0682438094522094,-0.08866137989331196,-0.1338994750607332,-0.04862051302797826,-0.0814935190489565,-0.045850510702049076,-0.047254006158606025,-0.10205509057581823,-0.061173204554359935,-0.034765893506911776,-0.12529074111148997,1.0,-0.09615211951710548,-0.04400513040135861,-0.05715270516069168],[-0.16081338582684745,0.25191918403269425,-0.1202695813600887,-0.004711921903244933,0.01614694965847987,1.5267476348468996E-4,-0.0069798725543982355,0.012233268471546814,0.0037717190528411453,-0.010792386216602315,-0.006567500933936548,0.006556275479478423,0.011627276268892607,0.0014841022174602026,-0.011093317017503799,0.0026699496280343034,0.010110696085482774,0.00472585972273777,-0.08977317136648875,-0.06692170481086795,-0.08694372047766837,-0.13130540654562076,-0.04767857548881237,-0.07991472442071429,-0.04496223712099213,-0.04633854230384932,-0.1000779514036909,-0.05998808053627827,-0.03409236502814048,-0.12286345178414063,-0.09615211951710548,1.0,-0.04315260784123943,-0.05604547129779996],[-0.07359810734422359,0.11529373038927906,-0.05448090995330284,0.003410671201571466,-0.003227600198841266,0.00696684064308707,-0.027779103209576436,-0.01549088929510444,0.0025665264388925646,0.004851852551233805,0.007953380352733318,0.012651594513494804,0.002659112082317005,0.00781380371004592,-0.010955547543333255,4.147150643266803E-4,0.019763339963560965,-0.00907376342827208,-0.04108573094764934,-0.0306274927861528,-0.039790799999146295,-0.06009343908862685,-0.02182065192398619,-0.03657389859717672,-0.02057748822993065,-0.021207370226789844,-0.04580183280345619,-0.02745423938425573,-0.015602765454246936,-0.056229880781363976,-0.04400513040135861,-0.04315260784123943,1.0,-0.02564985863287841],[0.3485124761824635,-0.22247401091346664,0.09313095612742578,-0.21025853169460634,0.014177459476461027,-0.0013284940579246852,0.007921789930780174,-0.005509655707250051,-0.01203548133624978,4.4979047484759266E-4,0.015180556646641526,0.03584894065741043,-0.011211019670744154,0.016045309292427343,-0.007364078247858845,0.012289518180721826,-0.0015133039467929428,-8.632356985197693E-4,-0.05336106598811568,-0.03977818152231265,-0.051679243754475586,-0.07804777704325003,-0.028340088404490628,-0.047501216881678486,-0.026725500118425016,-0.02754357427760137,-0.05948621495175434,-0.03565684352320376,-0.020264461110890773,-0.07302988920171306,-0.05715270516069168,-0.05604547129779996,-0.02564985863287841,1.0]],"columnNames":["Category = Furniture","Category = Office Supplies","Discount","Is Profitable = range2","Order Quarter","Order Year","Quantity","Region = Central","Region = East","Region = South","Region = West","Sales","Segment = Consumer","Segment = Corporate","Ship Mode = First Class","Ship Mode = Same Day","Ship Mode = Second Class","Ship Mode = Standard Class","Sub-Category = Accessories","Sub-Category = Appliances","Sub-Category = Art","Sub-Category = Binders","Sub-Category = Bookcases","Sub-Category = Chairs","Sub-Category = Envelopes","Sub-Category = Fasteners","Sub-Category = Furnishings","Sub-Category = Labels","Sub-Category = Machines","Sub-Category = Paper","Sub-Category = Phones","Sub-Category = Storage","Sub-Category = Supplies","Sub-Category = Tables"],"rowNames":["Category = Furniture","Category = Office Supplies","Discount","Is Profitable = range2","Order Quarter","Order Year","Quantity","Region = Central","Region = East","Region = South","Region = West","Sales","Segment = Consumer","Segment = Corporate","Ship Mode = First Class","Ship Mode = Same Day","Ship Mode = Second Class","Ship Mode = Standard Class","Sub-Category = Accessories","Sub-Category = Appliances","Sub-Category = Art","Sub-Category = Binders","Sub-Category = Bookcases","Sub-Category = Chairs","Sub-Category = Envelopes","Sub-Category = Fasteners","Sub-Category = Furnishings","Sub-Category = Labels","Sub-Category = Machines","Sub-Category = Paper","Sub-Category = Phones","Sub-Category = Storage","Sub-Category = Supplies","Sub-Category = Tables"],"name":"Correlation","theoreticalMin":-1.0,"theoreticalMax":1.0,"symmetrical":true,"firstAttributeName":"First Attribute","secondAttributeName":"Second Attribute","isUseless":false,"rm_object_annotations":{"AMResult":"Correlations"}}